  0.0000000000000000E+00
  7.2372542869654933E-04
  2.1711762860896480E-03
  3.6186271434827466E-03
  5.0660780008758453E-03
  6.5423993919548045E-03
  8.1042662605938717E-03
  9.8066257962312435E-03
  1.1702540673187422E-02
  1.3843050048617356E-02
  1.6277047591442995E-02
  1.9051175776946254E-02
  2.2209735654248438E-02
  2.5794611275634406E-02
  2.9845207966620636E-02
  3.4398403612891773E-02
  3.9488512143871057E-02
  4.5147258401933399E-02
  5.1403763600360926E-02
  5.8284540591379233E-02
  6.5813498187356434E-02
  7.4011953802905622E-02
  8.2898653712669024E-02
  9.2489800248491599E-02
  1.0279908529007391E-01
  1.1383772943463645E-01
  1.2561452626327807E-01
  1.3813589115425948E-01
  1.5140591412611515E-01
  1.6542641622605320E-01
  1.8019700901133759E-01
  1.9571515670307865E-01
  2.1197624062293821E-01
  2.2897362555355502E-01
  2.4669872769291057E-01
  2.6514108390129731E-01
  2.8428842196695714E-01
  3.0412673164276810E-01
  3.2464033623154448E-01
  3.4581196452154073E-01
  3.6762282289661047E-01
  3.9005266746715411E-01
  4.1307987608849661E-01
  4.3668152015268130E-01
  4.6083343605785815E-01
  4.8551029627650671E-01
  5.1068567995968461E-01
  5.3633214302936216E-01
  5.6242128772471445E-01
  5.8892383158102690E-01
  6.1580967583165747E-01
  6.4304797323431395E-01
  6.7060719533278923E-01
  6.9845519917426124E-01
  7.2655929351035631E-01
  7.5488630451740302E-01
  7.8340264107770630E-01
  8.1207435966925956E-01
  8.4086722891611865E-01
  8.6974679385569242E-01
  8.9867843998248309E-01
  9.2762745713034511E-01
  9.5657647427820702E-01
  9.8552549142606904E-01
  1.0000000000000000E+00
